# Bruneton 2017実装のCPU参照が出した大気の物理量の期待値。手で編集しない。
# 再生成: cargo xtask gen-atmosphere-reference <precomputed_atmospheric_scatteringの作業コピー>
# 出典・リビジョン・ライセンス・構築手順: xtask/src/gen_atmosphere_reference.rs の冒頭
#
# 各行は種別と数値の並びである。数値は17桁で書き、f64として厳密に読み戻せる。
# param <名前> <値>                                       焼いた条件の大気パラメータ
# density <高度> <レイリー> <ミー> <吸収>                  規格化密度
# horizon <半径> <天頂余弦>                                地平線の向き
# top_distance <半径> <天頂余弦> <距離>                    大気上端までの距離
# bottom_distance <半径> <天頂余弦> <距離>                 地表までの距離
# optical_length <半径> <天頂余弦> <レイリー> <ミー> <吸収> 上端までの光学距離
# transmittance <半径> <天頂余弦> <赤> <緑> <青>           上端までの透過率
# phase <散乱角余弦> <レイリー> <ミー>                     位相関数の値
param bottom_radius 6360000
param top_radius 6460000
param rayleigh_scattering_r 5.802000032417709e-06
param absorption_extinction_r 6.5000000404324965e-07
param rayleigh_scattering_g 1.3558000318880659e-05
param absorption_extinction_g 1.8810000028679497e-06
param rayleigh_scattering_b 3.310000101919286e-05
param absorption_extinction_b 8.5000003480217856e-08
param rayleigh_scale_height 8000
param mie_extinction 4.4399998841981869e-06
param mie_scale_height 1200
param absorption_bottom 10000
param absorption_peak 25000
param absorption_top 40000
param asymmetry 0.80000001192092896
param sample_count 500
density 0 1 1 0
density 500 0.9394130600247429 0.65924062354914892 0
density 1000 0.88249689734505121 0.43459819973747066 0
density 2000 0.77880077382364188 0.18887559521505043 0
density 5000 0.53526141262926941 0.015503852034774772 0
density 8000 0.36787942369810689 0.0012726335958995097 0
density 10000 0.28650477984988104 0.00024036942791618986 0
density 12000 0.22313014425125952 4.5399918769171519e-05 0.133333322359249
density 17500 0.11219687886301172 4.6402208611842695e-07 0.49999999310239218
density 25000 0.043936927101869257 8.9577321988207131e-10 1
density 32500 0.01720594710581911 1.7292488557389574e-12 0.50000005538458936
density 40000 0.0067379453989091093 3.3382351009200379e-15 4.9825757741928101e-08
density 50000 0.0019304535631549736 8.0240966145789379e-19 0
density 60000 0.00055308417312213416 1.9287475127905748e-22 0
density 80000 4.5399908198680442e-05 1.1143813589014614e-29 0
density 100000 3.726650959497733e-06 6.4386126480097168e-37 0
horizon 6360000 -0
top_distance 6360000 1 100000
optical_length 6360000 1 8000.3864676076364 1202.7764636293955 15000.000727572478
transmittance 6360000 1 0.94034488653808235 0.86759993838271265 0.76229006903592977
top_distance 6360000 0.69999998807907104 141724.41723382846
optical_length 6360000 0.69999998807907104 11414.26662866804 1717.8532349044137 21341.81476626599
transmittance 6360000 0.69999998807907104 0.91601272434517611 0.81666536957204106 0.67891892673227328
top_distance 6360000 0.30000001192092896 310662.64963669423
optical_length 6360000 0.30000001192092896 26341.955995075405 4000.4556185914898 48140.05610265836
transmittance 6360000 0.30000001192092896 0.8171855580434606 0.62784766353311527 0.4091093915475979
top_distance 6360000 0.05000000074505806 858062.92002937291
optical_length 6360000 0.05000000074505806 121230.81253912685 22508.39315206731 149860.15325678844
transmittance 6360000 0.05000000074505806 0.40627397101907325 0.13193160867561438 0.016156781745410766
top_distance 6360000 0 1132254.388377453
optical_length 6360000 0 282838.12831476651 109498.9209798816 173956.03608271456
transmittance 6360000 0 0.10642939725140162 0.0095797293906181979 5.2070926602285949e-05
top_distance 6360000 -0 1132254.388377453
optical_length 6360000 -0 282838.12831476651 109498.9209798816 173956.03608271456
transmittance 6360000 -0 0.10642939725140162 0.0095797293906181979 5.2070926602285949e-05
top_distance 6360000 -0 1132254.388377453
optical_length 6360000 -0 282838.12831476651 109498.9209798816 173956.03608271456
transmittance 6360000 -0 0.10642939725140162 0.0095797293906181979 5.2070926602285949e-05
top_distance 6360000 -0 1132254.388377453
optical_length 6360000 -0 282838.12831476651 109498.9209798816 173956.03608271456
transmittance 6360000 -0 0.10642939725140162 0.0095797293906181979 5.2070926602285949e-05
bottom_distance 6360000 -1 0
bottom_distance 6360000 -0.5 0
bottom_distance 6360000 -0.0010000000474974513 0
bottom_distance 6360000 -0.5 0
horizon 6360100 -0.0056076554131313473
top_distance 6360100 1 99900
optical_length 6360100 1 7901.0028731752627 1106.6026610955385 14999.985726744024
transmittance 6360100 1 0.9412891327848395 0.86914084621121257 0.76512847530515637
top_distance 6360100 0.69999998807907104 141583.80676094163
optical_length 6360100 0.69999998807907104 11272.474885238906 1580.4941554936279 21342.070921165781
transmittance 6360100 0.69999998807907104 0.91732574600440198 0.81873562665284905 0.68252890569024205
top_distance 6360100 0.30000001192092896 310371.77241100278
optical_length 6360100 0.30000001192092896 26014.732503423798 3680.5831104061945 48147.643085720716
transmittance 6360100 0.30000001192092896 0.81989808288535349 0.63152657423590086 0.41415208779615614
top_distance 6360100 0.05000000074505806 857518.35659401305
optical_length 6360100 0.05000000074505806 119725.19453500124 20708.727782570499 150099.06304298461
transmittance 6360100 0.05000000074505806 0.41306235238670569 0.13567169586260139 0.017118265443242218
top_distance 6360100 0 1131692.5333322652
optical_length 6360100 0 279326.84824809205 100744.66234858426 174344.35380168073
transmittance 6360100 0 0.11289642173621312 0.010437381764913187 6.0804636021771758e-05
top_distance 6360100 -0.0050468896515667439 1164246.3802083456
optical_length 6360100 -0.0050468896515667439 314082.14897671336 138675.02451556458 174031.29387218595
transmittance 6360100 -0.0050468896515667439 0.077992541937062176 0.0055088695894522609 1.6262817276518625e-05
top_distance 6360100 -0.0028038276359438896 1149665.6473817944
optical_length 6360100 -0.0028038276359438896 297848.24185595295 119500.9504665813 174247.04372924234
transmittance 6360100 -0.0028038276359438896 0.093297656040791335 0.0074721727845773684 3.0305773636144535e-05
top_distance 6360100 -0.0056020477786660194 1167882.849588617
optical_length 6360100 -0.0056020477786660194 318311.84099232976 144138.96885996961 173955.26883114135
transmittance 6360100 -0.0056020477786660194 0.07428150791794208 0.0050778927934063437 1.3799399727284689e-05
bottom_distance 6360100 -1 100
bottom_distance 6360100 -0.5 200.00471720378846
bottom_distance 6360100 -0.0066076554358005524 19796.53949698358
bottom_distance 6360100 -0.50280380249023438 198.88935431605205
horizon 6361000 -0.017731081692341708
top_distance 6361000 1 99000
optical_length 6361000 1 7060.3054147097509 522.700484157804 14999.926319232123
transmittance 6361000 1 0.94834716638137706 0.88138629607429875 0.78876101483305439
top_distance 6361000 0.69999998807907104 140318.21368916333
optical_length 6361000 0.69999998807907104 10073.041794274059 746.54246088997013 21345.692653661117
transmittance 6361000 0.69999998807907104 0.92715628298374697 0.83523997497516977 0.71280547202903544
top_distance 6361000 0.30000001192092896 307752.31060254574
optical_length 6361000 0.30000001192092896 23246.707842557655 1738.5261940841299 48210.523196111695
transmittance 6361000 0.30000001192092896 0.84035295066783866 0.66127735852617231 0.45781825167889356
top_distance 6361000 0.05000000074505806 852605.71130818338
optical_length 6361000 0.05000000074505806 106988.81174776795 9782.137512103016 152317.2566365535
transmittance 6361000 0.05000000074505806 0.46617788227221957 0.16855455831401986 0.0273863809532362
top_distance 6361000 0 1126622.8295219301
optical_length 6361000 0 249623.35432594686 47591.774452367637 177958.85694164192
transmittance 6361000 0 0.16943338458982701 0.019634999802197274 0.00020572561169388174
top_distance 6361000 -0.015957973897457123 1232695.221777196
optical_length 6361000 -0.015957973897457123 372082.44540709449 163998.57474737352 174694.12544572583
transmittance 6361000 -0.015957973897457123 0.049760827769666539 0.002239624151212519 2.130972784088816e-06
top_distance 6361000 -0.0088655408471822739 1184427.0603325481
optical_length 6361000 -0.0088655408471822739 308358.36622008745 86825.466457780756 176931.87890150541
transmittance 6361000 -0.0088655408471822739 0.10130636527434142 0.0074537594233820437 2.4737097759984272e-05
top_distance 6361000 -0.017713351175189018 1244917.7860143576
optical_length 6361000 -0.017713351175189018 390898.83308501251 197074.38868488502 173967.32643220772
transmittance 6361000 -0.017713351175189018 0.038539019090128628 0.001500361337714758 9.8704593378485512e-07
bottom_distance 6361000 -1 1000
bottom_distance 6361000 -0.5 2000.4719207524322
bottom_distance 6361000 -0.018731081858277321 80738.204583773288
bottom_distance 6361000 -0.50886553525924683 1965.598019848112
horizon 6370000 -0.056011186106472266
top_distance 6370000 1 90000
optical_length 6370000 1 2292.1050100210164 0.28898393503772563 14999.760725059896
transmittance 6370000 1 0.97721369910666123 0.94243135659402322 0.92575566395778053
top_distance 6370000 0.69999998807907104 127652.48513411079
optical_length 6370000 0.69999998807907104 3270.1869568560551 0.41274250260507611 21376.442141231444
transmittance 6370000 0.69999998807907104 0.96766420757819616 0.91892743909981833 0.89577857573992981
top_distance 6370000 0.30000001192092896 281400.72916949401
optical_length 6370000 0.30000001192092896 7547.1127969287627 0.96124329312490675 48860.953862691116
transmittance 6370000 0.30000001192092896 0.92723129365393575 0.82346397215345424 0.77571748528685314
top_distance 6370000 0.05000000074505806 802277.51689831214
optical_length 6370000 0.05000000074505806 34742.867217517596 5.4104994129218023 182438.63547437525
transmittance 6370000 0.05000000074505806 0.7260130761199205 0.44297811973187301 0.31176042722845054
top_distance 6370000 0 1074569.6813143389
optical_length 6370000 0 81097.971779679283 26.340873916489144 241803.22625297328
transmittance 6370000 0 0.53375439172659855 0.21130025448104062 0.066869442694650713
top_distance 6370000 -0.050410065799951553 1442634.74177184
optical_length 6370000 -0.050410065799951553 411526.78096539259 44914.012314070555 181843.23647682765
transmittance 6370000 -0.050410065799951553 0.066850619369034858 0.0021963781617317813 9.7931571949063033e-07
top_distance 6370000 -0.028005592525005341 1267672.9071729472
optical_length 6370000 -0.028005592525005341 174014.60131356461 413.76797306303183 215166.22059981755
transmittance 6370000 -0.028005592525005341 0.31621658756991877 0.062922289661136471 0.0030886853240304334
top_distance 6370000 -0.055955175310373306 1488576.4759604672
optical_length 6370000 -0.055955175310373306 531992.99369247048 215372.57172602473 174034.35747790383
transmittance 6370000 -0.055955175310373306 0.015670114851761344 0.00020420748481675858 8.5271064964822888e-09
bottom_distance 6370000 -1 10000
bottom_distance 6370000 -0.5 20047.393719773274
bottom_distance 6370000 -0.057011183351278305 295440.60041620734
bottom_distance 6370000 -0.52800559997558594 18977.868192821741
horizon 6385000 -0.08840544664304946
top_distance 6385000 1 75000
optical_length 6385000 1 351.47588369757125 1.0763271191641865e-06 7500.0008299350156
transmittance 6385000 1 0.99310958486118284 0.98130416468434978 0.98780363379253999
top_distance 6385000 0.69999998807907104 106503.19779313635
optical_length 6385000 0.69999998807907104 501.45893452575729 1.5372863674370869e-06 10705.850062222848
transmittance 6385000 0.69999998807907104 0.99018026423320638 0.97342306711222393 0.98264409094326322
top_distance 6385000 0.30000001192092896 236827.85930666933
optical_length 6385000 0.30000001192092896 1157.3314628962378 3.5805118002736716e-06 24806.340330382118
transmittance 6385000 0.30000001192092896 0.97741987624675819 0.93955226916207901 0.96038963062036586
top_distance 6385000 0.05000000074505806 712881.55930693494
optical_length 6385000 0.05000000074505806 5330.0818305763751 2.0164032357345717e-05 120898.07296836689
transmittance 6385000 0.05000000074505806 0.89627420275743852 0.74105937636550911 0.82969090535539569
top_distance 6385000 0 981516.68350568553
optical_length 6385000 0 12451.235453578844 9.8278764207544316e-05 291878.20336678851
transmittance 6385000 0 0.76953957131834394 0.48780635956022916 0.64600660232010354
top_distance 6385000 -0.079564899206161499 1613219.2538553979
optical_length 6385000 -0.079564899206161499 308385.97771109163 4157.0438531103709 307702.77872435324
transmittance 6385000 -0.079564899206161499 0.13429457991375973 0.0084099194238612673 3.5280216577348938e-05
top_distance 6385000 -0.044202722609043121 1303523.3965442372
optical_length 6385000 -0.044202722609043121 48551.407860774954 0.035614706083803647 539076.74986854196
transmittance 6385000 -0.044202722609043121 0.53147702029412613 0.1878214447487597 0.19149887722774486
top_distance 6385000 -0.088317044079303741 1695877.422144708
optical_length 6385000 -0.088317044079303741 558621.51781213738 210048.75078735084 270353.6404069998
transmittance 6385000 -0.088317044079303741 0.012913676169924873 0.00012157948103206319 3.5869294800011724e-09
bottom_distance 6385000 -1 25000
bottom_distance 6385000 -0.5 50298.34351771744
bottom_distance 6385000 -0.089405447244644165 485712.49284407048
bottom_distance 6385000 -0.54420274496078491 46155.370397859253
horizon 6410000 -0.12465865055209394
top_distance 6410000 1 50000
optical_length 6410000 1 15.414015265653797 9.6344873489527076e-16 0
transmittance 6410000 1 0.99991057188186161 0.99979103861158591 0.99948992621088528
top_distance 6410000 0.69999998807907104 71143.153837157413
optical_length 6410000 0.69999998807907104 21.991967741080437 1.3760812923097075e-15 0
transmittance 6410000 0.69999998807907104 0.99987241074265498 0.99970187734174742 0.99927233072514732
top_distance 6410000 0.30000001192092896 160609.60245786654
optical_length 6410000 0.30000001192092896 50.763620578298081 3.2053252170530172e-15 0
transmittance 6410000 0.30000001192092896 0.99970551284161713 0.99931198360790718 0.99832113498032915
top_distance 6410000 0.05000000074505806 543340.40471038886
optical_length 6410000 0.05000000074505806 234.14884100522622 1.8063989616387833e-14 0
transmittance 6410000 0.05000000074505806 0.99864239080318395 0.99683044362197781 0.99227962946698522
top_distance 6410000 0 802184.51742725621
optical_length 6410000 0 547.92174902043689 8.8207640691981623e-14 0
transmittance 6410000 0 0.99682600579798109 0.99259880151648106 0.98202726087185854
top_distance 6410000 -0.1121927872300148 1796506.6913209255
optical_length 6410000 -0.1121927872300148 171872.97310344345 77.923781648567484 470524.9809143779
transmittance 6410000 -0.1121927872300148 0.2716083292038135 0.040128948548742639 0.0032492333866601815
top_distance 6410000 -0.062329325824975967 1295703.3965535187
optical_length 6410000 -0.062329325824975967 4998.9563889724686 5.7115606820416755e-09 38877.16069116084
transmittance 6410000 -0.062329325824975967 0.94717245119760685 0.86857287160841035 0.84470314557128123
top_distance 6410000 -0.1245339959859848 1929953.5435055087
optical_length 6410000 -0.1245339959859848 558514.25075013004 201432.4496569295 348685.25572833285
transmittance 6410000 -0.1245339959859848 0.012759168449267383 0.00010917336769828957 3.7152473849326532e-09
bottom_distance 6410000 -1 50000
bottom_distance 6410000 -0.5 101207.9644409162
bottom_distance 6410000 -0.12565864622592926 704056.84637333872
bottom_distance 6410000 -0.56232935190200806 89684.807619215921
horizon 6459000 -0.17441321456157552
top_distance 6459000 1 1000
optical_length 6459000 1 0.003969582515721431 1.0051778233170687e-33 0
transmittance 6459000 1 0.99999997696848242 0.99999994618040045 0.99999986860682333
top_distance 6459000 0.69999998807907104 1428.4563878001645
optical_length 6459000 0.69999998807907104 0.0056703850133253192 1.4358685613284643e-33 0
transmittance 6459000 0.69999998807907104 0.99999996710042649 0.99999992312092112 0.99999981231026791
top_distance 6459000 0.30000001192092896 3330.7286303034052
optical_length 6459000 0.30000001192092896 0.013221817292973368 3.3483337487638884e-33 0
transmittance 6459000 0.30000001192092896 0.99999992328701859 0.99999982073861304 0.99999956235792986
top_distance 6459000 0.05000000074505806 19417.788077540463
optical_length 6459000 0.05000000074505806 0.077127260199796335 1.9596529469051762e-32 0
transmittance 6459000 0.05000000074505806 0.99999955250773398 0.99999895430912833 0.99999744709086746
top_distance 6459000 0 113661.77897604805
optical_length 6459000 0 0.46070503649429168 1.3131839783567595e-31 0
transmittance 6459000 0 0.99999732699293586 0.99999375378047606 0.99998475077909299
top_distance 6459000 -0.15697188675403595 2034114.0012101452
optical_length 6459000 -0.15697188675403595 53168.693611703857 0.030954721367305722 671164.44353135291
transmittance 6459000 -0.15697188675403595 0.47485689667007308 0.13761138424201091 0.16252345808065269
top_distance 6459000 -0.087206609547138214 1137888.4674403649
optical_length 6459000 -0.087206609547138214 51.423977963565591 2.6260992376771361e-22 0
transmittance 6459000 -0.087206609547138214 0.9997016825836802 0.99930303668221587 0.9982993140850297
top_distance 6459000 -0.17423880100250244 2256541.9630834628
optical_length 6459000 -0.17423880100250244 551756.99295775569 185467.33410215165 349482.3212814884
transmittance 6459000 -0.17423880100250244 0.014236694279949372 0.00012824440818831709 4.9874655116596134e-09
bottom_distance 6459000 -1 99000
bottom_distance 6459000 -0.5 202853.46464110538
bottom_distance 6459000 -0.17541322112083435 1012186.7388009286
bottom_distance 6459000 -0.58720660209655762 171165.05225349637
horizon 6460000 -0.17527157714821212
top_distance 6460000 1 0
optical_length 6460000 1 0 0 0
transmittance 6460000 1 1 1 1
top_distance 6460000 0.69999998807907104 0
optical_length 6460000 0.69999998807907104 0 0 0
transmittance 6460000 0.69999998807907104 1 1 1
top_distance 6460000 0.30000001192092896 6.9849193096160889e-10
optical_length 6460000 0.30000001192092896 2.6030356247195238e-15 4.4973189812221422e-46 0
transmittance 6460000 0.30000001192092896 1 1 1
top_distance 6460000 0.05000000074505806 0
optical_length 6460000 0.05000000074505806 0 0 0
transmittance 6460000 0.05000000074505806 1 1 1
top_distance 6460000 0 0
optical_length 6460000 0 0 0 0
transmittance 6460000 0 1 1 1
top_distance 6460000 -0.15774440765380859 2038057.7468872082
optical_length 6460000 -0.15774440765380859 51906.021151090135 0.026369422554426862 672065.59078657778
transmittance 6460000 -0.15774440765380859 0.47806838579349215 0.139750394144662 0.16944700640238669
top_distance 6460000 -0.087635785341262817 1132254.3466091189
optical_length 6460000 -0.087635785341262817 46.7882808188822 1.4023555823275206e-22 0
transmittance 6460000 -0.087635785341262817 0.99972857123662595 0.99936584563466646 0.99845250646204886
top_distance 6460000 -0.1750963032245636 2262244.2376613612
optical_length 6460000 -0.1750963032245636 551616.93989261845 185153.49244603372 349475.29371654848
transmittance 6460000 -0.1750963032245636 0.014268200909098389 0.00012866902343712232 5.0176298365514868e-09
bottom_distance 6460000 -1 100000
bottom_distance 6460000 -0.5 204954.54579604696
bottom_distance 6460000 -0.17627157270908356 1017592.9619687709
bottom_distance 6460000 -0.58763575553894043 172788.73349940451
phase -1 0.1193662073189215 0.0055820331912028323
phase -0.89999997615814209 0.10802641506230305 0.0054504509052024199
phase -0.5 0.074603879574325932 0.0053383274298535559
phase -0.20000000298023224 0.062070427876986987 0.0061692044905442417
phase 0 0.059683103659460751 0.0077502223635504226
phase 0.20000000298023224 0.062070427876986987 0.011162266344378356
phase 0.5 0.074603879574325932 0.026428409116942116
phase 0.89999997615814209 0.10802641506230305 0.32939226560699503
phase 0.99000000953674316 0.11817851468307945 2.4321214633926793
phase 1 0.1193662073189215 4.0693030048846728
